100
-29312 -23323
-29153 16842
-29013 -15313
-28532 4734
-27598 -24491
-27341 -26549
-27196 20606
-26958 2162
-26791 24620
-26529 19131
-26270 -1186
-25254 24843
-24966 -6165
-24959 28708
-24956 -25335
-23416 29125
-22160 -130
-21473 -2138
-21269 29369
-21193 -27406
-20632 -21510
-19959 -6603
-19888 21406
-18578 -25552
-18082 17479
-17548 20332
-16551 -23171
-15674 -13842
-15264 -15603
-14949 -9989
-14548 25768
-14434 -20342
-14237 -17294
-14154 14637
-13682 -11377
-13345 785
-13262 -23476
-12417 -20048
-12054 -15621
-10871 -8664
-10517 23678
-10296 15871
-10252 9993
-10212 17304
-9157 -23264
-6191 -14271
-5888 3626
-4937 550
-4636 28946
-3992 3835
-3610 -29893
-1706 11295
-1568 17313
-512 15179
-74 14939
1969 -23948
2590 -21076
2837 -5287
2848 20731
3695 11973
4673 -29631
5974 -24339
6062 -2368
7252 -22194
7481 8775
8799 -2776
9159 -20462
9595 -5718
9643 -16604
9914 7009
11282 -7744
12384 17855
12507 1322
13129 28464
13541 -19416
13556 -26811
13696 -21560
13810 22065
14688 14509
14831 22786
17191 453
17646 3656
17824 -25335
18076 7687
18223 19546
19728 5276
20669 27632
20806 -6236
22600 6201
23914 12550
24249 17222
24604 3530
25047 -5426
25089 7178
25151 -17915
25473 5570
26832 29119
27572 29960
27653 21266
28611 -2866