1000
-29958 -26675
-29883 -28394
-29879 45
-29865 22186
-29834 -11037
-29676 27030
-29592 -24848
-29554 -6589
-29506 -22131
-29427 -18095
-29193 25328
-29061 18886
-29045 9949
-28952 10354
-28928 -13747
-28749 -23906
-28748 -10004
-28723 -5385
-28633 -2593
-28512 686
-28468 7679
-28413 -11332
-28406 12861
-28245 -9548
-28210 13552
-28091 -1857
-28055 13834
-28033 -23189
-28006 -6614
-27982 -11056
-27967 -25926
-27956 27899
-27885 -15577
-27826 4843
-27822 11778
-27819 -27242
-27678 18443
-27646 -6587
-27515 -29494
-27489 11003
-27365 24800
-27339 -15458
-27293 -6309
-27249 -2671
-27184 -22309
-27136 14207
-27120 24832
-27062 -1015
-27031 -10830
-26998 -26937
-26907 -18907
-26868 10472
-26811 -4256
-26796 -13809
-26774 1658
-26735 17070
-26711 28832
-26640 19641
-26527 -6366
-26460 -28890
-26339 8908
-26233 -21586
-26147 18696
-26120 3934
-26097 21921
-26074 -3672
-26053 -24573
-26053 -16155
-26049 -19688
-25922 -17952
-25882 -18563
-25852 -23780
-25803 -20014
-25795 -28549
-25777 -5043
-25766 19710
-25719 -7408
-25396 9921
-25293 17718
-25292 -7823
-25196 29766
-25110 -12616
-24906 -19394
-24764 -23226
-24747 22772
-24661 -2179
-24619 304
-24571 18184
-24446 23730
-24415 13865
-24413 18055
-24295 -10329
-24268 -28981
-24236 1842
-24210 12040
-24174 -10541
-23985 -214
-23901 -2784
-23823 -25362
-23808 -25011
-23790 62
-23767 13225
-23716 12040
-23713 18699
-23645 -19577
-23522 -601
-23496 27526
-23452 28386
-23371 21154
-23339 26385
-23233 19196
-23223 -29642
-23165 -16130
-23148 -3563
-22983 23971
-22937 16916
-22908 -3183
-22888 -5671
-22835 6790
-22822 -12789
-22632 11610
-22619 -19972
-22600 -9115
-22537 -17600
-22480 5819
-22328 5141
-22100 -8680
-22069 20521
-22016 -18479
-22011 4083
-22008 -25075
-21911 8718
-21859 -28673
-21748 -24810
-21630 -21882
-21594 -24514
-21583 25305
-21536 13607
-21473 -5
-21385 13120
-21384 4040
-21332 -21282
-21261 14459
-21204 -10019
-21139 -1520
-21132 24303
-21099 16761
-20961 17436
-20941 -14366
-20666 -21102
-20632 20233
-20613 -22103
-20500 -8662
-20489 25732
-20454 28586
-20439 20172
-20363 -26599
-20362 -29486
-20331 -11154
-20277 -25357
-20264 23322
-20241 -19634
-20208 18151
-20203 -2067
-20185 27104
-20168 -11727
-20162 22944
-20140 -17031
-20097 -21195
-20090 18364
-20019 12690
-19976 -20795
-19903 8873
-19841 4635
-19572 1406
-19569 -26576
-19550 -29032
-19465 -29743
-19436 3125
-19431 -25473
-19339 22828
-19232 23631
-19135 20865
-19086 9967
-18829 8748
-18733 13845
-18690 -17853
-18633 -24062
-18621 -5593
-18559 23059
-18409 -7451
-18321 -21397
-18321 2041
-18314 -13901
-18160 -4635
-18155 28870
-18016 13017
-17939 21134
-17875 26843
-17865 -4848
-17829 -15733
-17715 -4431
-17713 -29697
-17690 16110
-17674 -28090
-17641 9119
-17638 22479
-17632 25863
-17478 3496
-17314 -24086
-17298 -9761
-17287 -5616
-17267 24259
-17265 -7965
-17229 -20943
-17229 8363
-17103 -18654
-17080 6567
-17022 -3150
-16873 25141
-16831 -729
-16808 -21502
-16667 16531
-16641 -19619
-16488 -23821
-16442 11329
-16319 17201
-16255 -19714
-16062 9500
-16037 -3806
-15984 7724
-15933 2751
-15867 -1230
-15763 27
-15745 -12230
-15741 -28678
-15640 -12424
-15510 -14953
-15444 -7872
-15436 -28335
-15415 13876
-15397 23122
-15381 4315
-15353 -27317
-15325 27775
-15321 28676
-15255 13814
-15068 9946
-14909 1055
-14880 -13542
-14876 -585
-14868 9810
-14813 28270
-14691 27717
-14653 -9895
-14648 28297
-14593 -24357
-14534 19446
-14489 -27018
-14332 -6174
-14162 8773
-14142 29890
-14120 19127
-14100 -26502
-14027 -26029
-14015 12983
-13972 -18416
-13873 1670
-13844 29264
-13813 -6042
-13757 310
-13597 5893
-13588 11521
-13459 21151
-13393 -27863
-13383 -29556
-13350 18131
-13343 -26379
-13335 -13350
-13331 24793
-13314 18944
-13215 -11440
-13207 7263
-13138 -22575
-13042 -28611
-13031 -9302
-12999 -18370
-12763 15240
-12759 22736
-12723 70
-12651 -1408
-12650 5084
-12592 27762
-12577 -22645
-12539 -12358
-12440 -20182
-12440 -7240
-12383 0
-12355 23963
-12299 1580
-12283 -8443
-12267 -9728
-12090 29788
-11918 2434
-11912 13358
-11835 17902
-11762 10530
-11737 16358
-11720 8438
-11592 -15235
-11589 19654
-11588 10840
-11523 -5670
-11513 19319
-11466 -24609
-11441 -4730
-11306 16920
-11129 -6439
-11118 16060
-11090 22531
-11039 17613
-10974 3634
-10953 19500
-10938 -4111
-10760 -6960
-10629 -18725
-10536 -12502
-10503 12498
-10448 -14929
-10331 -12716
-10293 16418
-10221 -3873
-10194 -13592
-10125 -9916
-10084 1402
-10066 11399
-10037 -22562
-9988 -18450
-9941 29941
-9915 -7025
-9901 6614
-9885 -11753
-9874 21928
-9853 -9956
-9691 -8285
-9624 1790
-9487 3845
-9300 -17284
-9033 -8244
-8914 4041
-8882 -14358
-8844 24388
-8811 21953
-8779 -2882
-8762 -16103
-8756 29679
-8541 2261
-8480 -77
-8446 -28703
-8351 20413
-8333 22322
-8166 -18666
-8118 14804
-8045 21424
-8031 -20581
-8025 17669
-7921 -18338
-7914 20487
-7882 27015
-7846 -29220
-7778 -26858
-7761 -25683
-7686 -11752
-7602 24027
-7493 -3424
-7433 20722
-7282 -11785
-7232 22109
-7221 9105
-7134 9392
-7089 -3835
-6997 20695
-6970 28856
-6854 2163
-6733 21796
-6701 -13526
-6663 21903
-6579 -28732
-6572 -8016
-6543 -15429
-6522 -19979
-6474 -8894
-6470 24227
-6462 27763
-6406 12159
-6345 26736
-6310 7553
-6154 -25615
-6142 1334
-6039 19374
-6031 22893
-6024 -4740
-5944 -29517
-5786 -489
-5740 -1674
-5652 314
-5405 6535
-5393 -24722
-5341 -18251
-5298 16247
-5297 -26083
-5171 6207
-5148 2426
-5069 26205
-5006 1064
-4996 19543
-4938 7314
-4863 -6557
-4758 -26997
-4746 -22570
-4743 -9278
-4698 -5160
-4634 7556
-4592 11449
-4546 -20780
-4491 -19444
-4483 1938
-4372 7937
-4358 -17982
-4297 13332
-4291 27436
-4275 2868
-4229 24391
-4166 15539
-4156 -21765
-4076 8195
-4065 -25137
-4027 3122
-4012 5691
-3991 9960
-3968 -41
-3954 -11249
-3922 24454
-3797 -671
-3796 -14453
-3795 2772
-3757 -29674
-3748 9838
-3686 1518
-3682 25242
-3677 21622
-3663 -24135
-3578 -7588
-3527 6478
-3517 26383
-3454 -7202
-3311 29645
-3248 21853
-3218 8048
-3149 -17256
-3106 8233
-3010 27512
-3005 1006
-2907 -279
-2832 2303
-2790 2196
-2631 -16112
-2424 -17514
-2399 21263
-2346 19255
-2343 -18548
-2277 -23194
-2273 26462
-2257 -842
-2256 29481
-2216 3347
-2153 9878
-2145 162
-2143 -24606
-2089 -14128
-2060 1976
-2046 7820
-2029 2553
-2022 -22307
-1962 -28436
-1910 -16020
-1907 -28401
-1879 29609
-1858 28213
-1827 16798
-1774 -1521
-1737 -15288
-1714 5765
-1640 17495
-1523 -8442
-1501 8413
-1407 -3687
-1252 -21878
-1194 -20705
-1051 16555
-942 10935
-935 -979
-810 -3547
-743 -11999
-693 -19207
-686 -17818
-657 2461
-620 26116
-584 5511
-578 -11150
-524 24651
-367 15493
-343 17259
-324 -7847
-305 -8605
-114 -29159
141 2612
176 -28581
176 -28444
176 -17844
194 20537
206 21773
222 -7727
392 23901
418 5247
423 23767
487 -6814
487 261
691 -25737
806 -23493
837 27634
951 24861
967 -14063
998 -24481
1096 27380
1138 21452
1174 -22342
1177 -13553
1227 -28338
1229 22176
1425 28999
1500 -1587
1523 -9042
1645 -22285
1665 -2103
1840 -6697
1880 -20058
1897 -28008
1936 7394
2041 357
2112 6057
2169 -27935
2183 26214
2188 11529
2266 3651
2307 4487
2347 -6683
2521 -1360
2555 3769
2597 -20711
2641 -21457
2823 22519
2985 5235
3056 11256
3135 -23527
3209 -12655
3306 5656
3315 26586
3379 -22777
3530 29937
3549 8915
3625 28531
3697 9062
3812 -8361
3841 -188
4046 -6518
4129 -5625
4161 14593
4217 4675
4280 10790
4323 -18755
4344 -6686
4353 -7546
4392 15134
4722 28915
4778 4053
4821 15647
4882 28742
4904 -6451
4905 21238
4943 -4937
4950 1854
4989 10769
5030 7988
5032 -10643
5037 15831
5091 29568
5151 990
5160 7694
5214 29423
5261 -2331
5326 13565
5476 8078
5501 -23950
5514 -14337
5638 26037
5702 -2329
5788 -5186
5918 -15789
6154 -18609
6235 -11482
6248 -14473
6294 -7741
6335 -23240
6338 -29662
6349 12227
6412 23126
6415 -26413
6428 14576
6432 24223
6478 -25617
6489 -10427
6657 2466
6671 -5745
6765 -28232
6826 3787
6846 23202
6850 18656
6977 -6452
7010 23542
7025 21380
7055 28715
7101 -9210
7116 -22473
7149 -6196
7170 1713
7204 -27310
7260 10210
7278 -10438
7530 -21336
7535 -9819
7739 -11688
7775 25464
7882 -28840
7922 21105
7925 -28630
8104 -20799
8149 -15141
8182 -24799
8208 19942
8289 -23603
8321 13500
8371 9696
8431 10122
8644 2047
8704 16022
8713 -1342
8859 -25427
8905 -24399
8935 27818
8983 -20050
9023 -5784
9069 23229
9143 8294
9172 -23943
9173 -12650
9204 2888
9369 -19251
9416 -18784
9459 -23474
9460 20482
9466 -8318
9477 -26543
9575 19417
9607 -2600
9614 21786
9626 5986
9675 -22090
9746 21560
9859 -17464
9871 9347
9894 706
10003 26757
10072 9556
10089 18891
10162 19717
10254 24386
10321 -21648
10638 -1277
10655 -27002
10665 -11225
10701 -29287
10711 -13858
10715 -14325
10858 -19502
10882 -20722
10883 -10372
10952 29357
10976 6598
11198 -16608
11227 -19122
11453 -7572
11525 22079
11580 -15286
11711 19916
11719 21554
11743 -26960
11757 -20452
11760 -10184
11824 11334
12141 10364
12179 -462
12200 -7239
12480 18068
12506 12531
12533 -8953
12573 8003
12609 -6552
12619 -6603
12638 6064
12673 -12548
12759 22258
12764 7085
13038 24049
13043 6536
13056 24864
13078 -21024
13088 2100
13144 1266
13188 -22416
13217 27394
13281 23860
13292 21790
13647 -3181
13683 13116
13720 -12850
14150 24551
14165 -7648
14165 16812
14187 1847
14343 12808
14363 9031
14411 -18475
14641 -20973
14688 26179
14691 -5018
14735 -3208
14811 28080
14815 -12829
14830 -16105
14862 -12844
15026 -24202
15027 -22218
15053 6103
15076 -15946
15187 12538
15213 -23102
15328 -20964
15429 868
15569 15101
15702 7593
15734 -27698
15744 5009
15766 4635
15792 14425
16065 13618
16068 -12718
16072 -8358
16083 12467
16167 20564
16194 20435
16225 -6919
16238 -28106
16240 -24039
16259 -1919
16269 -29488
16327 -22305
16519 20913
16527 19157
16580 20305
16661 -13917
16674 -18078
16697 -17807
16830 19649
17006 -10255
17070 14141
17099 -27176
17111 7969
17118 24058
17154 11976
17165 -3878
17169 9175
17205 5940
17205 9563
17221 5111
17249 -8594
17265 21828
17268 22620
17394 2276
17413 -8829
17467 -9952
17478 22623
17483 -613
17493 9826
17507 16670
17522 15526
17596 -28047
17644 -17370
17712 -17222
17762 -8948
17894 -23324
17925 -25541
18060 8331
18097 19163
18114 -6302
18117 -9991
18126 -20674
18140 12964
18147 4381
18207 -9553
18334 22321
18545 -11494
18687 -18417
18714 -16481
18786 -7351
18799 -15667
18912 -6008
18980 -18918
19080 -8306
19216 -14995
19360 -26523
19409 -23911
19481 -24381
19543 -13374
19745 -9389
19821 19695
19852 -466
19931 -18137
19962 11444
19985 -28262
19998 13874
20030 -26046
20082 16844
20090 26867
20098 26547
20104 24160
20132 -9260
20184 -5489
20303 -12051
20340 -21613
20347 -13654
20440 21615
20449 -4853
20488 -27068
20507 -1196
20598 -12671
20637 -26215
20782 -24719
20788 -1997
20819 13080
20841 -10169
20856 13805
20902 -3815
20956 23508
20995 -13430
21074 28883
21223 -17014
21272 6863
21279 -3510
21355 17499
21363 11260
21422 21495
21472 18278
21484 -4102
21543 -16629
21586 2081
21621 2007
21665 -24502
21819 29459
21821 -23049
21851 12738
21988 -17084
22035 19673
22134 -21509
22149 11656
22154 -13179
22229 -881
22291 -27762
22359 -20200
22384 -364
22422 -17390
22448 -23743
22501 -24205
22624 -20138
22856 -9113
23027 -1598
23060 -15047
23209 2909
23248 -24057
23282 9072
23292 5026
23314 3226
23320 11435
23505 -18188
23505 24302
23576 -24018
23636 -4281
23670 -352
23723 14249
23729 -26217
23794 16637
23894 -6351
23899 786
23899 14675
23916 11858
23991 -29639
24092 2870
24097 -29039
24208 23901
24266 -10984
24690 -27261
24806 -10161
24967 -1030
25006 -29808
25014 20289
25033 -25756
25067 13192
25087 17647
25088 -14495
25122 19064
25164 -18827
25179 10400
25464 26825
25467 14586
25506 9211
25515 14475
25518 9646
25540 7485
25600 -654
25677 -29293
25706 -11718
25732 22622
25746 17521
25888 11592
26045 9644
26055 25352
26136 19340
26216 21368
26435 4116
26442 25652
26505 -22702
26623 14260
26764 24989
26836 16984
26844 23344
26879 -3258
26880 13851
27068 -17174
27131 24535
27145 -22627
27165 12649
27167 19415
27170 21006
27271 28714
27291 2971
27399 -8022
27414 -27972
27416 14833
27418 19265
27498 -17856
27558 -8557
27577 -5842
27657 342
27822 8815
27846 27804
27875 -10339
27973 160
27982 -10431
28038 2947
28156 -19032
28381 1082
28428 1381
28627 -12871
28630 -26977
28633 451
28652 -15533
28712 21354
28721 -29906
28898 -14545
28928 22168
28936 7478
28976 -19200
29017 18746
29050 24809
29233 12929
29403 -28505
29504 9990
29672 4134
29908 -21577
29998 -24165